<svg:svg xmlns:dc="http://purl.org/dc/elements/1.1/" xmlns:ns1="http://www.w3.org/1999/xlink" xmlns:ns3="http://creativecommons.org/ns#" xmlns:rdf="http://www.w3.org/1999/02/22-rdf-syntax-ns#" xmlns:svg="http://www.w3.org/2000/svg" height="961.898148089796" id="svg15344" version="1.1" viewBox="-54.77263578923872 -233.1793242694213 961.8981480897961 961.898148089796" width="961.8981480897961">
  <svg:defs id="defs3">
    <svg:linearGradient id="linearGradient4437-6">
      <svg:stop id="stop4439-3" offset="0" style="stop-color:#ffff00" />
      <svg:stop id="stop4441-9" offset="1" style="stop-color:#ffff00;stop-opacity:0" />
    </svg:linearGradient>
    <svg:filter color-interpolation-filters="sRGB" id="filter4363-6">
      <svg:feGaussianBlur id="feGaussianBlur4365-2" stdDeviation="5.5483248" />
    </svg:filter>
    <svg:linearGradient gradientTransform="matrix(-1.1853 0 0 -1.1092 1021.2 851.16)" gradientUnits="userSpaceOnUse" id="linearGradient13140-3" x1="467.76" x2="472.83" y1="416.01" y2="357.7" ns1:href="#linearGradient4557-0" />
    <svg:linearGradient id="linearGradient4557-0">
      <svg:stop id="stop4559-5" offset="0" style="stop-color:#ffcc00" />
      <svg:stop id="stop4561-5" offset="1" style="stop-color:#e9a71c;stop-opacity:0" />
    </svg:linearGradient>
    <svg:radialGradient cx="463.96" cy="402.79" gradientTransform="matrix(2.6674 .97165 -1.0502 2.883 -350.6 -1210)" gradientUnits="userSpaceOnUse" id="radialGradient13142-2" r="25.4" ns1:href="#linearGradient4585-5" />
    <svg:linearGradient id="linearGradient4585-5">
      <svg:stop id="stop4587-6" offset="0" style="stop-color:#ffffff" />
      <svg:stop id="stop4589-7" offset="1" style="stop-color:#ffffff;stop-opacity:0" />
    </svg:linearGradient>
    <svg:linearGradient gradientTransform="translate(-971.01 867.07)" gradientUnits="userSpaceOnUse" id="linearGradient14710-4" x1="215.46" x2="216.58" y1="202.95" y2="208.67">
      <svg:stop id="stop12500-6" offset="0" style="stop-color:#999999" />
      <svg:stop id="stop12502-0" offset="1" style="stop-color:#999999;stop-opacity:0" />
    </svg:linearGradient>
    <svg:linearGradient gradientUnits="userSpaceOnUse" id="linearGradient13154-9" x1="-27.888" x2="44.367" y1="-80.275" y2="-73.619" ns1:href="#linearGradient12579-0" />
    <svg:linearGradient id="linearGradient12579-0">
      <svg:stop id="stop12581-6" offset="0" style="stop-color:#ffd42a" />
      <svg:stop id="stop12583-9" offset="1" style="stop-color:#ffd42a;stop-opacity:0" />
    </svg:linearGradient>
    <svg:linearGradient gradientTransform="matrix(.87324 0 0 .97055 -6.9991 -3.0787)" gradientUnits="userSpaceOnUse" id="linearGradient13156-5" x1="-58.945" x2="2.5353" y1="-102.78" y2="-93.268" ns1:href="#linearGradient12553-3" />
    <svg:linearGradient id="linearGradient12553-3">
      <svg:stop id="stop12555-0" offset="0" style="stop-color:#d4aa00" />
      <svg:stop id="stop12557-0" offset="1" style="stop-color:#d4aa00;stop-opacity:0" />
    </svg:linearGradient>
    <svg:linearGradient gradientTransform="matrix(.85916 0 0 1 -7.6772 0)" gradientUnits="userSpaceOnUse" id="linearGradient13158-4" x1="-31.374" x2="-32.325" y1="-79.958" y2="-71.718" ns1:href="#linearGradient12553-3" />
    <svg:linearGradient gradientTransform="matrix(.83147 0 0 1 -8.5806 0)" gradientUnits="userSpaceOnUse" id="linearGradient13160-6" x1="-31.057" x2="-31.691" y1="-67.598" y2="-58.408" ns1:href="#linearGradient12553-3" />
    <svg:linearGradient gradientUnits="userSpaceOnUse" id="linearGradient13162-3" x1="-19.015" x2="-4.4367" y1="-126.54" y2="-104.04" ns1:href="#linearGradient4585-5" />
    <svg:linearGradient gradientTransform="matrix(.87052 0 0 .94661 -7.1508 -5.5743)" gradientUnits="userSpaceOnUse" id="linearGradient13164-0" x1="-31.057" x2="-32.008" y1="-91.683" y2="-86.613" ns1:href="#linearGradient12553-3" />
    <svg:linearGradient gradientTransform="matrix(.79063 0 0 1.1441 -13.244 37.346)" gradientUnits="userSpaceOnUse" id="linearGradient13166-4" x1="-36.302" x2="-39.328" y1="-101.92" y2="-87.244" ns1:href="#linearGradient12703-2" />
    <svg:linearGradient id="linearGradient12703-2">
      <svg:stop id="stop12705-9" offset="0" style="stop-color:#806600" />
      <svg:stop id="stop12713-3" offset="0.382" style="stop-color:#d4aa00" />
      <svg:stop id="stop12711-2" offset=".61704" style="stop-color:#d4aa00" />
      <svg:stop id="stop12707-1" offset="1" style="stop-color:#aa8800" />
    </svg:linearGradient>
    <svg:linearGradient gradientTransform="matrix(.83196 0 0 1.1441 -10.625 25.133)" gradientUnits="userSpaceOnUse" id="linearGradient13168-0" x1="-36.302" x2="-39.328" y1="-101.92" y2="-87.244" ns1:href="#linearGradient12703-2" />
    <svg:linearGradient gradientTransform="matrix(.87328 0 0 1 -6.9987 0)" gradientUnits="userSpaceOnUse" id="linearGradient13170-9" x1="-36.302" x2="-39.328" y1="-101.92" y2="-87.244" ns1:href="#linearGradient12703-2" />
    <svg:linearGradient gradientTransform="translate(-.56022 -.33613)" gradientUnits="userSpaceOnUse" id="linearGradient13172-9" x1="-52.29" x2="-45.318" y1="-106.26" y2="-92.951" ns1:href="#linearGradient4585-5" />
    <svg:linearGradient gradientTransform="translate(-2.1448 11.073)" gradientUnits="userSpaceOnUse" id="linearGradient13174-9" x1="-52.29" x2="-45.318" y1="-106.26" y2="-92.951" ns1:href="#linearGradient4585-5" />
    <svg:linearGradient gradientTransform="translate(-3.254 23.591)" gradientUnits="userSpaceOnUse" id="linearGradient13176-7" x1="-52.29" x2="-45.318" y1="-106.26" y2="-92.951" ns1:href="#linearGradient4585-5" />
    <svg:linearGradient gradientTransform="matrix(-.86605 .49995 -.49995 -.86605 -116.29 -153.15)" gradientUnits="userSpaceOnUse" id="linearGradient13178-4" x1="-58.545" x2="-46.711" y1="-107.31" y2="-95.768" ns1:href="#linearGradient4585-5" />
    <svg:linearGradient gradientTransform="matrix(-.86605 .49995 -.49995 -.86605 -119.65 -140.82)" gradientUnits="userSpaceOnUse" id="linearGradient13180-9" x1="-58.545" x2="-46.711" y1="-107.31" y2="-95.768" ns1:href="#linearGradient4585-5" />
    <svg:linearGradient gradientTransform="matrix(-.86605 .49995 -.49995 -.86605 -121.67 -128.5)" gradientUnits="userSpaceOnUse" id="linearGradient13182-4" x1="-58.545" x2="-46.711" y1="-107.31" y2="-95.768" ns1:href="#linearGradient4585-5" />
    <svg:linearGradient gradientTransform="matrix(-1.7851 1.5867 -1.0305 -2.7487 -197.87 -270.4)" gradientUnits="userSpaceOnUse" id="linearGradient13184-7" x1="-58.545" x2="-46.711" y1="-107.31" y2="-95.768" ns1:href="#linearGradient4585-5" />
    <svg:radialGradient cx="559.29" cy="467.44" gradientTransform="matrix(.64399 1.2691 -1.3033 .66139 827.1 -583.91)" gradientUnits="userSpaceOnUse" id="radialGradient20913" r="112.82" ns1:href="#linearGradient4437-6" />
    <svg:linearGradient gradientUnits="userSpaceOnUse" id="linearGradient20917" x1="447.07" x2="468.94" y1="363.18" y2="415.02" ns1:href="#linearGradient4585-5" />
    <svg:linearGradient gradientUnits="userSpaceOnUse" id="linearGradient20921" x1="524.8" x2="517.2" y1="69.941" y2="159.94">
      <svg:stop id="stop4500-8-3" offset="0" style="stop-color:#ffffff" />
      <svg:stop id="stop4502-34-2" offset="1" style="stop-color:#ffffff;stop-opacity:0" />
    </svg:linearGradient>
  </svg:defs>
  <svg:g id="layer1" transform="translate(314.93 -382.38)">
    <svg:g id="g15116" transform="matrix(1.8446 0 0 1.8446 1487.6 -1254.8)">
      <svg:path d="m690.86 537.7c0 62.309-50.511 112.82-112.82 112.82s-112.82-50.511-112.82-112.82 50.511-112.82 112.82-112.82 112.82 50.511 112.82 112.82z" id="path4537" style="fill:#eaa81c" transform="translate(-1314.5 481.7)" />
      <svg:path d="m690.86 537.7c0 62.309-50.511 112.82-112.82 112.82s-112.82-50.511-112.82-112.82 50.511-112.82 112.82-112.82 112.82 50.511 112.82 112.82z" id="path4539" style="fill:url(#radialGradient20913)" transform="matrix(1 0 0 1.0056 -1314.5 478.68)" />
      <svg:path d="m690.86 537.7c0 62.309-50.511 112.82-112.82 112.82s-112.82-50.511-112.82-112.82 50.511-112.82 112.82-112.82 112.82 50.511 112.82 112.82z" id="path4541" style="fill:url(#radialGradient20913)" transform="matrix(1 0 0 1.0056 -1314.5 478.68)" />
      <svg:path d="m-741.48 909.14c-44.645 0.7251-86.723 31.117-101.28 73.156-13.418 36.456-5.8694 80.074 19.594 109.28 24.455 29.367 64.79 44.667 102.72 37.96 33.187-5.3866 63.539-26.592 79.332-56.172 16.366-29.63 18.325-67.009 4.3215-97.944-15.134-34.671-48.832-60.707-86.727-65.296-5.9478-0.83309-11.957-1.1546-17.961-0.98481zm3.3438 2.5312c45.748-0.91102 89.482 31.359 102.22 75.188 11.14 36.156 1.6679 78.096-24.969 105.03-24.665 25.855-62.898 38.153-98.057 30.666-38.223-7.6514-71.073-37.463-81.255-75.197-9.7458-33.906-1.5074-72.579 21.812-98.849 19.939-22.857 49.702-37.115 80.251-36.839z" id="path4545" style="opacity:0.22;filter:url(#filter4363-6);fill:#2b1100" />
      <svg:g id="g12452" transform="translate(-1274 600.85)">
        <svg:path d="m494.38 402.7c0 22.053-12.202 39.931-27.254 39.931s-27.254-17.878-27.254-39.931 12.202-39.931 27.254-39.931 27.254 17.878 27.254 39.931z" id="path12454" style="fill:#e9a71c" />
        <svg:path d="m468.59 443.15c17.598-3.0026 24.955-21.859 25.188-36.776 0.68007-15.857-5.6995-35.697-23.929-40.416-15.41-0.96838-25.256 14.16-27.332 26.837-4.2895 18.045 0.98871 42.1 20.739 49.87 1.7817 0.40549 3.5915 0.59731 5.334 0.48527z" id="path12456" style="fill:url(#linearGradient13140-3)" />
        <svg:path d="m468.23 442.52c16.963-2.9779 24.055-21.679 24.279-36.475 0.65554-15.727-5.4938-35.405-23.065-40.084-14.854-0.96044-24.344 14.044-26.346 26.617-4.1347 17.897 0.95304 41.755 19.99 49.461 1.7174 0.40216 3.4619 0.59241 5.1415 0.48129z" id="path12458" style="fill:#999999" />
        <svg:path d="m468.23 442.52c16.963-2.9779 24.055-21.679 24.279-36.475 0.65554-15.727-5.4938-35.405-23.065-40.084-14.854-0.96044-24.344 14.044-26.346 26.617-4.1347 17.897 0.95304 41.755 19.99 49.461 1.7174 0.40216 3.4619 0.59241 5.1415 0.48129z" id="path12460" style="fill:url(#radialGradient13142-2)" />
        <svg:path d="m485.51 400.16c0 10.151-6.5267 18.381-14.578 18.381-8.0511 0-14.578-8.2294-14.578-18.381 0-10.151 6.5267-18.381 14.578-18.381 8.0511 0 14.578 8.2294 14.578 18.381z" id="path12462" style="fill:#000000" transform="matrix(1.1739 0 0 1 -85.704 2.5353)" />
        <svg:path d="m485.51 400.16c0 10.151-6.5267 18.381-14.578 18.381-8.0511 0-14.578-8.2294-14.578-18.381 0-10.151 6.5267-18.381 14.578-18.381 8.0511 0 14.578 8.2294 14.578 18.381z" id="path12464" style="fill:url(#linearGradient20917)" transform="matrix(.47826 0 0 .62963 234.13 150.18)" />
      </svg:g>
      <svg:g id="g12472" transform="translate(-1197.8 601.74)">
        <svg:path d="m494.38 402.7c0 22.053-12.202 39.931-27.254 39.931s-27.254-17.878-27.254-39.931 12.202-39.931 27.254-39.931 27.254 17.878 27.254 39.931z" id="path12474" style="fill:#e9a71c" />
        <svg:path d="m468.59 443.15c17.598-3.0026 24.955-21.859 25.188-36.776 0.68007-15.857-5.6995-35.697-23.929-40.416-15.41-0.96838-25.256 14.16-27.332 26.837-4.2895 18.045 0.98871 42.1 20.739 49.87 1.7817 0.40549 3.5915 0.59731 5.334 0.48527z" id="path12476" style="fill:url(#linearGradient13140-3)" />
        <svg:path d="m468.23 442.52c16.963-2.9779 24.055-21.679 24.279-36.475 0.65554-15.727-5.4938-35.405-23.065-40.084-14.854-0.96044-24.344 14.044-26.346 26.617-4.1347 17.897 0.95304 41.755 19.99 49.461 1.7174 0.40216 3.4619 0.59241 5.1415 0.48129z" id="path12478" style="fill:#999999" />
        <svg:path d="m468.23 442.52c16.963-2.9779 24.055-21.679 24.279-36.475 0.65554-15.727-5.4938-35.405-23.065-40.084-14.854-0.96044-24.344 14.044-26.346 26.617-4.1347 17.897 0.95304 41.755 19.99 49.461 1.7174 0.40216 3.4619 0.59241 5.1415 0.48129z" id="path12480" style="fill:url(#radialGradient13142-2)" />
        <svg:path d="m485.51 400.16c0 10.151-6.5267 18.381-14.578 18.381-8.0511 0-14.578-8.2294-14.578-18.381 0-10.151 6.5267-18.381 14.578-18.381 8.0511 0 14.578 8.2294 14.578 18.381z" id="path12482" style="fill:#000000" transform="matrix(1.1739 0 0 1 -85.704 2.5353)" />
        <svg:path d="m485.51 400.16c0 10.151-6.5267 18.381-14.578 18.381-8.0511 0-14.578-8.2294-14.578-18.381 0-10.151 6.5267-18.381 14.578-18.381 8.0511 0 14.578 8.2294 14.578 18.381z" id="path12484" style="fill:url(#linearGradient20917)" transform="matrix(.47826 0 0 .62963 233.68 149.28)" />
      </svg:g>
      <svg:path d="m-819.47 1061.7s11.371 14.303 28.428 14.303 45.485-9.8331 59.131-8.9391c13.646 0.8939 13.605 1.1155 13.605 1.1155s2.8776 19.186-27.043 33.969c-7.5306 3.7206-22.95 7.8236-35.458 3.3541-12.508-4.4696-20.552-12.26-27.291-22.348-5.5436-8.2987-11.371-21.454-11.371-21.454z" id="path12492" style="stroke:#000000;stroke-width:1.1248px;fill:#000000" />
      <svg:path d="m-797.12 1080.9s9.6358 6.2745 28.459 5.8264c26.049-0.6203 36.975-9.4118 36.975-9.4118 4.1578-2.7722 6.0279-6.3069 8.5154-9.6358 0 0-10.313-0.8758-14.79-0.6723-9.8599 0.4482-23.236 3.8069-28.683 5.3781-11.653 3.3614-25.994 4.4818-32.269 2.6891-6.2745-1.7927-9.6358-4.2577-9.6358-4.2577 3.6676 3.41 5.6413 7.2036 11.429 10.084z" id="path12494" style="stroke:#000000;stroke-width:1px;fill:#ffffff" />
      <svg:path d="m-803.5 1075.1s8.8237 0.6666 12.491 1.338c3.6884 0.6752 25.279-3.9886 25.279-3.9886l16.889-3.7645 7.9035-1.1204 5.365-0.1857 9.8467 0.6723s-10.141-2.0871-11.409 1.082c-1.2676 3.1691-2.4584 4.8849-2.4584 4.8849s-0.43423-6.5463-4.7762-5.6341c-5.3331 1.1205-10.026 0.3713-10.026 6.4536 0 3.1691 1.3801-4.3363-9.3601-2.2025-5.8578 1.1638-9.0976 0.4032-8.2397 6.3382 0.28674 1.9837 0.6869-0.0009-3.1691-2.5352-2.2992-1.5111-9.3648-0.013-10.484 0.1445-3.1107 0.438-3.2986 5.1698-3.2679 4.1132 0.11524-3.969-14.584-5.5957-14.584-5.5957z" id="path12496" style="fill:url(#linearGradient14710-4)" />
      <svg:path d="m-760.53 958.81c2.6443-3.1602 4.5763-4.5953 6.3381-6.4045 1.8578-1.277 4.4118-3.8607 6.4582-4.7516 3.0555-1.865 4.4194-2.0081 7.0494-3.2731 2.1297-0.84012 4.8128-1.3918 7.451-1.8868 2.483-0.28695 2.8584-0.25944 4.5393-0.51255 4.5104 0.11804 9.1837-0.14831 9.3495 2.2962-0.13599 0.20615-0.16654 0.48761-0.59949 0.48164-0.033 0.0103-0.98661 0.0778-2.1906 0.27201-2.0684 0.38455-2.295 0.25385-4.7618 0.92835-2.0726 0.56442-3.9215 1.1834-6.1733 2.08-2.6804 1.2871-4.9118 2.0051-7.7467 4.0242-3.9011 2.6353-7.3399 5.6093-9.148 6.8531-2.2973 1.1145-4.8846 4.1987-7.1154 5.4303-2.7587 1.3794-5.1184-2.3858-3.4501-5.5371z" id="path12508" style="fill:#000000" />
      <svg:path d="m-789.63 956.16c-2.6278-3.1405-4.5478-4.5667-6.2987-6.3646-1.8462-1.269-4.3844-3.8367-6.418-4.7221-3.0365-1.8534-4.3919-1.9956-7.0055-3.2527-2.1165-0.8349-4.7829-1.3832-7.4046-1.8751-2.4676-0.28517-2.8407-0.25783-4.511-0.50937-4.4823 0.11731-9.1266-0.14738-9.2913 2.2819 0.13514 0.20487 0.1655 0.48457 0.59576 0.47864 0.0328 0.0103 0.98047 0.0773 2.1769 0.27032 2.0555 0.38216 2.2808 0.25227 4.7322 0.92257 2.0598 0.56091 3.8971 1.176 6.1349 2.067 2.6637 1.2791 4.8812 1.9926 7.6985 3.9991 3.8768 2.6189 7.2942 5.5744 9.091 6.8104 2.283 1.1076 4.8542 4.1726 7.0711 5.3965 2.7416 1.3708 5.0865-2.3709 3.4287-5.5027z" id="path12510" style="fill:#000000" />
      <svg:g id="g12765" transform="matrix(1.798 0 0 1.798 -861.02 1189.2)">
        <svg:path d="m-6.0213-124.96s-7.6058-4.1198-14.261 2.2184c-4.879 4.6466-4.7537 8.5566-1.5846 15.529 3.2863 7.2299 4.1198 7.6058 4.1198 7.6058s-22.978-8.4364-29.79-6.0213c-6.8248 2.4199-10.141 7.6058-5.7044 10.775 4.4367 3.1691 6.3382 5.0706 6.3382 5.0706s-6.972-1.2676-7.6058 3.8029c-0.63382 5.0706 10.141 10.141 10.141 10.141s-6.972-1.2676-6.972 3.1691 10.015 11.643 17.523 12.862c8.2781 1.3445 18.642 3.9425 26.211-0.18564 6.972-3.8029 11.092-7.6058 10.775-23.451-0.12674-6.3369-3.4909-10.465-6.6551-15.212-1.2676-1.9015-3.2703-7.2375-0.31691-15.212 3.1691-8.5566-2.2184-11.092-2.2184-11.092z" id="path12537" style="fill:#554400" />
        <svg:path d="m-46.122-103.42s0.48003 1.9718 13.163 4.5455c8.8937 1.8048 11.409 0.22409 15.212 2.1256 2.4584 1.2292 4.1974 3.8133 2.5353 7.6058-1.3746 3.1365-4.2289 4.3756-9.8401 3.1691-5.0321-1.082-22.222-4.4752-22.222-4.4752l-4.8849-3.5404-2.7978-2.1958c-0.97484-3.2543 0.72303-4.9201 2.4408-6.7161 0 0 4.8256-3.2076 6.3942-0.51848z" id="path12539" style="fill:#806600" />
        <svg:path d="m-24.719-85.979 5.7044 3.1691s3.4641 4.258-1.9015 6.972c-5.3117 2.6868-24.491-0.06986-24.681-0.44818-2.942-2.3557-6.5535-4.2688-8.9119-7.7915l0.63382-3.9501 3.8029-2.3881 13.31 1.9015z" id="path12541" style="fill:#806600" />
        <svg:path d="m-27.549-74.57s4.808 0.67227 6.0757 3.2075c1.2676 2.5353 1.7861 5.1409-0.0769 7.5674-1.5915 2.0728-3.5498 3.021-10.775 3.1691-5.6275 0.11534-6.9654-0.55692-10.768-3.0922-3.8029-2.5353-7.0489-5.6275-7.0489-5.6275-0.77591-1.4979-1.188-4.1953-0.15379-6.2679l3.6876-0.63382 8.4319 1.2292 4.8849 0.22409z" id="path12543" style="fill:#806600" />
        <svg:path d="m-6.0213-124.96s-7.6058-4.1198-14.261 2.2184c-4.879 4.6466-4.7537 8.5566-1.5846 15.529 3.2863 7.2299 4.1198 7.6058 4.1198 7.6058s-22.978-8.4364-29.79-6.0213c-6.8248 2.4199-10.141 7.6058-5.7044 10.775 4.4367 3.1691 6.3382 5.0706 6.3382 5.0706s-6.972-1.2676-7.6058 3.8029c-0.63382 5.0706 10.141 10.141 10.141 10.141s-6.972-1.2676-6.972 3.1691 10.015 11.643 17.523 12.862c8.2781 1.3445 18.642 3.9425 26.211-0.18564 6.972-3.8029 11.092-7.6058 10.775-23.451-0.12674-6.3369-3.4909-10.465-6.6551-15.212-1.2676-1.9015-3.2703-7.2375-0.31691-15.212 3.1691-8.5566-2.2184-11.092-2.2184-11.092z" id="path12545" style="fill:#554400" />
        <svg:path d="m-6.0213-124.96s-7.6058-4.1198-14.261 2.2184c-4.879 4.6466-4.7537 8.5566-1.5846 15.529 3.2863 7.2299 4.1198 7.6058 4.1198 7.6058s-22.978-8.4364-29.79-6.0213c-6.8248 2.4199-10.141 7.6058-5.7044 10.775 4.4367 3.1691 6.3382 5.0706 6.3382 5.0706s-6.972-1.2676-7.6058 3.8029c-0.63382 5.0706 10.141 10.141 10.141 10.141s-6.972-1.2676-6.972 3.1691 10.015 11.643 17.523 12.862c8.2781 1.3445 18.642 3.9425 26.211-0.18564 6.972-3.8029 11.092-7.6058 10.775-23.451-0.12674-6.3369-3.4909-10.465-6.6551-15.212-1.2676-1.9015-3.2703-7.2375-0.31691-15.212 3.1691-8.5566-2.2184-11.092-2.2184-11.092z" id="path12577" style="fill:url(#linearGradient13154-9)" />
        <svg:path d="m-47.275-103.46s0.41918 1.9137 11.495 4.4116c7.7663 1.7516 9.9626 0.21749 13.284 2.063 2.1468 1.193 3.5533 2.0764 2.1019 5.7572-1.2004 3.0442-3.917 5.4793-8.8169 4.3083-4.3943-1.0501-19.069-3.9512-19.069-3.9512l-4.6571-2.2399-2.0518-3.3274c-0.85128-3.1585 0.87599-4.1623 1.9847-6.2316 0 0 4.3607-3.3998 5.7305-0.78992z" id="path12547" style="fill:url(#linearGradient13156-5)" />
        <svg:path d="m-28.915-85.979 4.901 3.1691s2.9762 4.258-1.6337 6.972c-4.5636 2.6868-21.042-0.06986-21.204-0.44818-2.5276-2.3557-5.6304-4.2688-7.6567-7.7915l0.54455-3.9501 3.2673-2.3881 11.436 1.9015z" id="path12549" style="fill:url(#linearGradient13158-4)" />
        <svg:path d="m-31.486-74.57s3.9977 0.67227 5.0517 3.2075c1.054 2.5353 1.4851 5.1409-0.06394 7.5674-1.3232 2.0728-2.2385 0.64419-8.246 0.79228-4.6791 0.11534-4.3654-1.6661-7.5275-4.2014-3.162-2.5353-8.0001-2.1415-8.0001-2.1415-0.64515-1.4979-0.98778-4.1953-0.12787-6.2679l3.0661-0.63382 7.0109 1.2292 4.0617 0.22409z" id="path12551" style="fill:url(#linearGradient13160-6)" />
        <svg:path d="m-16.479-124.33s2.4714-0.87305 4.1198-0.63382c8.6282 1.2522 11.735 11.187 4.9121 9.8242-6.6155-1.3213-10.252 11.749-11.884 10.775 0 0-2.2108-4.566-2.8522-5.7044-0.68465-1.2151-1.6359-6.7538-0.31691-8.5566 3.1369-4.2876 5.3186-5.5287 6.0213-5.7044z" id="path12613" style="fill:url(#linearGradient13162-3)" />
        <svg:path d="m-47.301-103.48s0.41788 1.8665 11.459 4.3028c7.7421 1.7084 9.9316 0.21212 13.242 2.0121 2.1401 1.1636 3.6539 3.6098 2.207 7.1998-1.1966 2.9691-4.4657 3.9179-9.3504 2.7758-4.3806-1.0242-18.561-4.0122-18.561-4.0122l-4.6426-2.5029-2.0454-2.9271c-0.84862-3.0806 0.94379-3.915 2.049-5.9333 0 0 4.2766-3.4606 5.6421-0.91505z" id="path12587" style="fill:url(#linearGradient13164-0)" />
        <svg:path d="m-49.709-81.046s0.37953 2.1355 10.407 4.923c7.0316 1.9547 9.0201 0.2427 12.027 2.3021 1.9437 1.3313 3.3186 4.13 2.0045 8.2375-1.0868 3.397-3.3435 4.739-7.7799 3.4323-3.9786-1.1719-17.57-4.8468-17.57-4.8468-1.434-0.84058-2.9214-1.4675-4.2165-2.8636-0.99124-1.1163-1.6134-2.2327-1.8577-3.349-0.77108-3.5244 0.25556-4.3296 1.7083-6.7884 0 0 4.0367-3.9593 5.277-1.0469z" id="path12719" style="fill:url(#linearGradient13166-4)" />
        <svg:path d="m-48.997-93.259s0.39936 2.1355 10.951 4.923c7.3991 1.9547 9.4916 0.2427 12.655 2.3021 2.0453 1.3313 3.492 4.13 2.1092 8.2375-1.1436 3.397-3.3675 3.9588-8.1866 3.4323-4.0828-0.44605-18.449-4.572-18.488-4.8468-1.643-0.79049-3.092-1.775-4.4369-2.8636-0.80341-0.91392-1.5904-1.8498-1.9548-3.349-0.81041-3.5319 0.88346-6.1846 1.7976-6.7884-0.25364-0.38046 4.2358-3.9772 5.5528-1.0469z" id="path12715" style="fill:url(#linearGradient13168-0)" />
        <svg:path d="m-47.276-103.48s0.4192 1.8665 11.495 4.3028c7.7666 1.7084 9.963 0.21212 13.284 2.0121 2.1469 1.1636 3.6655 3.6098 2.214 7.1998-1.2004 2.9691-3.5739 2.6493-8.5932 2.9999-5.0841 0.35516-19.531-3.9859-19.406-4.2363l-4.6573-2.5029-2.0519-2.9271c-0.85131-3.0806 0.77818-3.915 1.8869-5.9333 0 0 4.4587-3.4606 5.8286-0.91505z" id="path12701" style="fill:url(#linearGradient13170-9)" />
        <svg:path d="m-52.533-102.16c2.2479-2.1001 5.362-0.73575 8.8735 2.2184 0 0 4.1198 6.1797 0.31691 7.4474-3.8029 1.2676-10.583-3.3392-10.775-4.9121-0.39614-3.2483 1.5846-4.7536 1.5846-4.7536z" id="path12615" style="fill:url(#linearGradient13172-9)" />
        <svg:path d="m-54.118-90.752c2.2479-2.1001 5.362-0.73575 8.8735 2.2184 0 0 4.1198 6.1797 0.31691 7.4474-3.8029 1.2676-10.583-3.3392-10.775-4.9121-0.39614-3.2483 1.5846-4.7536 1.5846-4.7536z" id="path12723" style="fill:url(#linearGradient13174-9)" />
        <svg:path d="m-55.227-78.234c2.2479-2.1001 5.362-0.73575 8.8735 2.2184 0 0 4.1198 6.1797 0.31691 7.4474-3.8029 1.2676-10.583-3.3392-10.775-4.9121-0.39614-3.2483 1.5846-4.7536 1.5846-4.7536z" id="path12727" style="fill:url(#linearGradient13176-7)" />
        <svg:path d="m-20.374-90.948c-0.89691 2.9426-1.9783 4.2687-6.4964 3.4658 0 0-4.6769-3.7677-2.0171-6.7668s6.4775-3.1914 7.5092-1.6081c1.7866 2.7416 1.0043 4.9091 1.0043 4.9091z" id="path12731" style="fill:url(#linearGradient13178-4)" />
        <svg:path d="m-23.735-78.623c-0.89691 2.9426-1.9783 4.2687-6.4964 3.4658 0 0-4.6769-3.7677-2.0171-6.7668s6.4775-3.1914 7.5092-1.6081c1.7866 2.7416 1.0043 4.9091 1.0043 4.9091z" id="path12735" style="fill:url(#linearGradient13180-9)" />
        <svg:path d="m-25.752-66.298c-0.89691 2.9426-1.9783 4.2687-6.4964 3.4658 0 0-4.6769-3.7677-2.0171-6.7668s6.4775-3.1914 7.5092-1.6081c1.7866 2.7416 1.0043 4.9091 1.0043 4.9091z" id="path12739" style="fill:url(#linearGradient13182-4)" />
        <svg:path d="m0.95799-70.075c-0.72829 2.8407-5.6465 9.5141-14.511 10.663-6.6106 0.44818-9.6401-14.535-4.1577-24.053 5.4824-9.5185 16.166-11.827 18.503-6.8966 4.0195 8.478 0.166 20.287 0.166 20.287z" id="path12743" style="fill:url(#linearGradient13184-7)" />
        <svg:path d="m0.95799-70.075c-0.72829 2.8407-5.6465 9.5141-14.511 10.663-6.6106 0.44818-9.6401-14.535-4.1577-24.053 5.4824-9.5185 16.166-11.827 18.503-6.8966 4.0195 8.478 0.166 20.287 0.166 20.287z" id="path12747" style="fill:url(#linearGradient13184-7)" />
        <svg:path d="m-20.374-90.948c-0.89691 2.9426-1.9783 4.2687-6.4964 3.4658 0 0-4.6769-3.7677-2.0171-6.7668s6.4775-3.1914 7.5092-1.6081c1.7866 2.7416 1.0043 4.9091 1.0043 4.9091z" id="path12751" style="fill:url(#linearGradient13178-4)" />
        <svg:path d="m-23.735-78.623c-0.89691 2.9426-1.9783 4.2687-6.4964 3.4658 0 0-4.6769-3.7677-2.0171-6.7668s6.4775-3.1914 7.5092-1.6081c1.7866 2.7416 1.0043 4.9091 1.0043 4.9091z" id="path12753" style="fill:url(#linearGradient13180-9)" />
        <svg:path d="m-25.752-66.298c-0.89691 2.9426-1.9783 4.2687-6.4964 3.4658 0 0-4.6769-3.7677-2.0171-6.7668s6.4775-3.1914 7.5092-1.6081c1.7866 2.7416 1.0043 4.9091 1.0043 4.9091z" id="path12755" style="fill:url(#linearGradient13182-4)" />
        <svg:path d="m-55.227-78.234c2.2479-2.1001 5.362-0.73575 8.8735 2.2184 0 0 4.1198 6.1797 0.31691 7.4474-3.8029 1.2676-10.583-3.3392-10.775-4.9121-0.39614-3.2483 1.5846-4.7536 1.5846-4.7536z" id="path12757" style="fill:url(#linearGradient13176-7)" />
        <svg:path d="m-54.118-90.752c2.2479-2.1001 5.362-0.73575 8.8735 2.2184 0 0 4.1198 6.1797 0.31691 7.4474-3.8029 1.2676-10.583-3.3392-10.775-4.9121-0.39614-3.2483 1.5846-4.7536 1.5846-4.7536z" id="path12759" style="fill:url(#linearGradient13174-9)" />
        <svg:path d="m-52.533-102.16c2.2479-2.1001 5.362-0.73575 8.8735 2.2184 0 0 4.1198 6.1797 0.31691 7.4474-3.8029 1.2676-10.583-3.3392-10.775-4.9121-0.39614-3.2483 1.5846-4.7536 1.5846-4.7536z" id="path12761" style="fill:url(#linearGradient13172-9)" />
      </svg:g>
      <svg:g id="g12841" transform="matrix(-1.7429 -.44154 -.44154 1.7429 -668.79 1227)">
        <svg:path d="m-6.0213-124.96s-7.6058-4.1198-14.261 2.2184c-4.879 4.6466-4.7537 8.5566-1.5846 15.529 3.2863 7.2299 4.1198 7.6058 4.1198 7.6058s-22.978-8.4364-29.79-6.0213c-6.8248 2.4199-10.141 7.6058-5.7044 10.775 4.4367 3.1691 6.3382 5.0706 6.3382 5.0706s-6.972-1.2676-7.6058 3.8029c-0.63382 5.0706 10.141 10.141 10.141 10.141s-6.972-1.2676-6.972 3.1691 10.015 11.643 17.523 12.862c8.2781 1.3445 18.642 3.9425 26.211-0.18564 6.972-3.8029 11.092-7.6058 10.775-23.451-0.12674-6.3369-3.4909-10.465-6.6551-15.212-1.2676-1.9015-3.2703-7.2375-0.31691-15.212 3.1691-8.5566-2.2184-11.092-2.2184-11.092z" id="path12843" style="fill:#554400" />
        <svg:path d="m-46.122-103.42s0.48003 1.9718 13.163 4.5455c8.8937 1.8048 11.409 0.22409 15.212 2.1256 2.4584 1.2292 4.1974 3.8133 2.5353 7.6058-1.3746 3.1365-4.2289 4.3756-9.8401 3.1691-5.0321-1.082-22.222-4.4752-22.222-4.4752l-4.8849-3.5404-2.7978-2.1958c-0.97484-3.2543 0.72303-4.9201 2.4408-6.7161 0 0 4.8256-3.2076 6.3942-0.51848z" id="path12845" style="fill:#806600" />
        <svg:path d="m-24.719-85.979 5.7044 3.1691s3.4641 4.258-1.9015 6.972c-5.3117 2.6868-24.491-0.06986-24.681-0.44818-2.942-2.3557-6.5535-4.2688-8.9119-7.7915l0.63382-3.9501 3.8029-2.3881 13.31 1.9015z" id="path12847" style="fill:#806600" />
        <svg:path d="m-27.549-74.57s4.808 0.67227 6.0757 3.2075c1.2676 2.5353 1.7861 5.1409-0.0769 7.5674-1.5915 2.0728-3.5498 3.021-10.775 3.1691-5.6275 0.11534-6.9654-0.55692-10.768-3.0922-3.8029-2.5353-7.0489-5.6275-7.0489-5.6275-0.77591-1.4979-1.188-4.1953-0.15379-6.2679l3.6876-0.63382 8.4319 1.2292 4.8849 0.22409z" id="path12849" style="fill:#806600" />
        <svg:path d="m-6.0213-124.96s-7.6058-4.1198-14.261 2.2184c-4.879 4.6466-4.7537 8.5566-1.5846 15.529 3.2863 7.2299 4.1198 7.6058 4.1198 7.6058s-22.978-8.4364-29.79-6.0213c-6.8248 2.4199-10.141 7.6058-5.7044 10.775 4.4367 3.1691 6.3382 5.0706 6.3382 5.0706s-6.972-1.2676-7.6058 3.8029c-0.63382 5.0706 10.141 10.141 10.141 10.141s-6.972-1.2676-6.972 3.1691 10.015 11.643 17.523 12.862c8.2781 1.3445 18.642 3.9425 26.211-0.18564 6.972-3.8029 11.092-7.6058 10.775-23.451-0.12674-6.3369-3.4909-10.465-6.6551-15.212-1.2676-1.9015-3.2703-7.2375-0.31691-15.212 3.1691-8.5566-2.2184-11.092-2.2184-11.092z" id="path12851" style="fill:#554400" />
        <svg:path d="m-6.0213-124.96s-7.6058-4.1198-14.261 2.2184c-4.879 4.6466-4.7537 8.5566-1.5846 15.529 3.2863 7.2299 4.1198 7.6058 4.1198 7.6058s-22.978-8.4364-29.79-6.0213c-6.8248 2.4199-10.141 7.6058-5.7044 10.775 4.4367 3.1691 6.3382 5.0706 6.3382 5.0706s-6.972-1.2676-7.6058 3.8029c-0.63382 5.0706 10.141 10.141 10.141 10.141s-6.972-1.2676-6.972 3.1691 10.015 11.643 17.523 12.862c8.2781 1.3445 18.642 3.9425 26.211-0.18564 6.972-3.8029 11.092-7.6058 10.775-23.451-0.12674-6.3369-3.4909-10.465-6.6551-15.212-1.2676-1.9015-3.2703-7.2375-0.31691-15.212 3.1691-8.5566-2.2184-11.092-2.2184-11.092z" id="path12853" style="fill:url(#linearGradient13154-9)" />
        <svg:path d="m-47.275-103.46s0.41918 1.9137 11.495 4.4116c7.7663 1.7516 9.9626 0.21749 13.284 2.063 2.1468 1.193 3.5533 2.0764 2.1019 5.7572-1.2004 3.0442-3.917 5.4793-8.8169 4.3083-4.3943-1.0501-19.069-3.9512-19.069-3.9512l-4.6571-2.2399-2.0518-3.3274c-0.85128-3.1585 0.87599-4.1623 1.9847-6.2316 0 0 4.3607-3.3998 5.7305-0.78992z" id="path12855" style="fill:url(#linearGradient13156-5)" />
        <svg:path d="m-28.915-85.979 4.901 3.1691s2.9762 4.258-1.6337 6.972c-4.5636 2.6868-21.042-0.06986-21.204-0.44818-2.5276-2.3557-5.6304-4.2688-7.6567-7.7915l0.54455-3.9501 3.2673-2.3881 11.436 1.9015z" id="path12857" style="fill:url(#linearGradient13158-4)" />
        <svg:path d="m-31.486-74.57s3.9977 0.67227 5.0517 3.2075c1.054 2.5353 1.4851 5.1409-0.06394 7.5674-1.3232 2.0728-2.2385 0.64419-8.246 0.79228-4.6791 0.11534-4.3654-1.6661-7.5275-4.2014-3.162-2.5353-8.0001-2.1415-8.0001-2.1415-0.64515-1.4979-0.98778-4.1953-0.12787-6.2679l3.0661-0.63382 7.0109 1.2292 4.0617 0.22409z" id="path12859" style="fill:url(#linearGradient13160-6)" />
        <svg:path d="m-16.479-124.33s2.4714-0.87305 4.1198-0.63382c8.6282 1.2522 11.735 11.187 4.9121 9.8242-6.6155-1.3213-10.252 11.749-11.884 10.775 0 0-2.2108-4.566-2.8522-5.7044-0.68465-1.2151-1.6359-6.7538-0.31691-8.5566 3.1369-4.2876 5.3186-5.5287 6.0213-5.7044z" id="path12861" style="fill:url(#linearGradient13162-3)" />
        <svg:path d="m-47.301-103.48s0.41788 1.8665 11.459 4.3028c7.7421 1.7084 9.9316 0.21212 13.242 2.0121 2.1401 1.1636 3.6539 3.6098 2.207 7.1998-1.1966 2.9691-4.4657 3.9179-9.3504 2.7758-4.3806-1.0242-18.561-4.0122-18.561-4.0122l-4.6426-2.5029-2.0454-2.9271c-0.84862-3.0806 0.94379-3.915 2.049-5.9333 0 0 4.2766-3.4606 5.6421-0.91505z" id="path12863" style="fill:url(#linearGradient13164-0)" />
        <svg:path d="m-49.709-81.046s0.37953 2.1355 10.407 4.923c7.0316 1.9547 9.0201 0.2427 12.027 2.3021 1.9437 1.3313 3.3186 4.13 2.0045 8.2375-1.0868 3.397-3.3435 4.739-7.7799 3.4323-3.9786-1.1719-17.57-4.8468-17.57-4.8468-1.434-0.84058-2.9214-1.4675-4.2165-2.8636-0.99124-1.1163-1.6134-2.2327-1.8577-3.349-0.77108-3.5244 0.25556-4.3296 1.7083-6.7884 0 0 4.0367-3.9593 5.277-1.0469z" id="path12865" style="fill:url(#linearGradient13166-4)" />
        <svg:path d="m-48.997-93.259s0.39936 2.1355 10.951 4.923c7.3991 1.9547 9.4916 0.2427 12.655 2.3021 2.0453 1.3313 3.492 4.13 2.1092 8.2375-1.1436 3.397-3.3675 3.9588-8.1866 3.4323-4.0828-0.44605-18.449-4.572-18.488-4.8468-1.643-0.79049-3.092-1.775-4.4369-2.8636-0.80341-0.91392-1.5904-1.8498-1.9548-3.349-0.81041-3.5319 0.88346-6.1846 1.7976-6.7884-0.25364-0.38046 4.2358-3.9772 5.5528-1.0469z" id="path12867" style="fill:url(#linearGradient13168-0)" />
        <svg:path d="m-47.276-103.48s0.4192 1.8665 11.495 4.3028c7.7666 1.7084 9.963 0.21212 13.284 2.0121 2.1469 1.1636 3.6655 3.6098 2.214 7.1998-1.2004 2.9691-3.5739 2.6493-8.5932 2.9999-5.0841 0.35516-19.531-3.9859-19.406-4.2363l-4.6573-2.5029-2.0519-2.9271c-0.85131-3.0806 0.77818-3.915 1.8869-5.9333 0 0 4.4587-3.4606 5.8286-0.91505z" id="path12869" style="fill:url(#linearGradient13170-9)" />
        <svg:path d="m-52.533-102.16c2.2479-2.1001 5.362-0.73575 8.8735 2.2184 0 0 4.1198 6.1797 0.31691 7.4474-3.8029 1.2676-10.583-3.3392-10.775-4.9121-0.39614-3.2483 1.5846-4.7536 1.5846-4.7536z" id="path12871" style="fill:url(#linearGradient13172-9)" />
        <svg:path d="m-54.118-90.752c2.2479-2.1001 5.362-0.73575 8.8735 2.2184 0 0 4.1198 6.1797 0.31691 7.4474-3.8029 1.2676-10.583-3.3392-10.775-4.9121-0.39614-3.2483 1.5846-4.7536 1.5846-4.7536z" id="path12873" style="fill:url(#linearGradient13174-9)" />
        <svg:path d="m-55.227-78.234c2.2479-2.1001 5.362-0.73575 8.8735 2.2184 0 0 4.1198 6.1797 0.31691 7.4474-3.8029 1.2676-10.583-3.3392-10.775-4.9121-0.39614-3.2483 1.5846-4.7536 1.5846-4.7536z" id="path12875" style="fill:url(#linearGradient13176-7)" />
        <svg:path d="m-20.374-90.948c-0.89691 2.9426-1.9783 4.2687-6.4964 3.4658 0 0-4.6769-3.7677-2.0171-6.7668s6.4775-3.1914 7.5092-1.6081c1.7866 2.7416 1.0043 4.9091 1.0043 4.9091z" id="path12877" style="fill:url(#linearGradient13178-4)" />
        <svg:path d="m-23.735-78.623c-0.89691 2.9426-1.9783 4.2687-6.4964 3.4658 0 0-4.6769-3.7677-2.0171-6.7668s6.4775-3.1914 7.5092-1.6081c1.7866 2.7416 1.0043 4.9091 1.0043 4.9091z" id="path12879" style="fill:url(#linearGradient13180-9)" />
        <svg:path d="m-25.752-66.298c-0.89691 2.9426-1.9783 4.2687-6.4964 3.4658 0 0-4.6769-3.7677-2.0171-6.7668s6.4775-3.1914 7.5092-1.6081c1.7866 2.7416 1.0043 4.9091 1.0043 4.9091z" id="path12881" style="fill:url(#linearGradient13182-4)" />
        <svg:path d="m0.95799-70.075c-0.72829 2.8407-5.6465 9.5141-14.511 10.663-6.6106 0.44818-9.6401-14.535-4.1577-24.053 5.4824-9.5185 16.166-11.827 18.503-6.8966 4.0195 8.478 0.166 20.287 0.166 20.287z" id="path12883" style="fill:url(#linearGradient13184-7)" />
        <svg:path d="m0.95799-70.075c-0.72829 2.8407-5.6465 9.5141-14.511 10.663-6.6106 0.44818-9.6401-14.535-4.1577-24.053 5.4824-9.5185 16.166-11.827 18.503-6.8966 4.0195 8.478 0.166 20.287 0.166 20.287z" id="path12885" style="fill:url(#linearGradient13184-7)" />
        <svg:path d="m-20.374-90.948c-0.89691 2.9426-1.9783 4.2687-6.4964 3.4658 0 0-4.6769-3.7677-2.0171-6.7668s6.4775-3.1914 7.5092-1.6081c1.7866 2.7416 1.0043 4.9091 1.0043 4.9091z" id="path12887" style="fill:url(#linearGradient13178-4)" />
        <svg:path d="m-23.735-78.623c-0.89691 2.9426-1.9783 4.2687-6.4964 3.4658 0 0-4.6769-3.7677-2.0171-6.7668s6.4775-3.1914 7.5092-1.6081c1.7866 2.7416 1.0043 4.9091 1.0043 4.9091z" id="path12889" style="fill:url(#linearGradient13180-9)" />
        <svg:path d="m-25.752-66.298c-0.89691 2.9426-1.9783 4.2687-6.4964 3.4658 0 0-4.6769-3.7677-2.0171-6.7668s6.4775-3.1914 7.5092-1.6081c1.7866 2.7416 1.0043 4.9091 1.0043 4.9091z" id="path12891" style="fill:url(#linearGradient13182-4)" />
        <svg:path d="m-55.227-78.234c2.2479-2.1001 5.362-0.73575 8.8735 2.2184 0 0 4.1198 6.1797 0.31691 7.4474-3.8029 1.2676-10.583-3.3392-10.775-4.9121-0.39614-3.2483 1.5846-4.7536 1.5846-4.7536z" id="path12893" style="fill:url(#linearGradient13176-7)" />
        <svg:path d="m-54.118-90.752c2.2479-2.1001 5.362-0.73575 8.8735 2.2184 0 0 4.1198 6.1797 0.31691 7.4474-3.8029 1.2676-10.583-3.3392-10.775-4.9121-0.39614-3.2483 1.5846-4.7536 1.5846-4.7536z" id="path12895" style="fill:url(#linearGradient13174-9)" />
        <svg:path d="m-52.533-102.16c2.2479-2.1001 5.362-0.73575 8.8735 2.2184 0 0 4.1198 6.1797 0.31691 7.4474-3.8029 1.2676-10.583-3.3392-10.775-4.9121-0.39614-3.2483 1.5846-4.7536 1.5846-4.7536z" id="path12897" style="fill:url(#linearGradient13172-9)" />
      </svg:g>
      <svg:path d="m585.65 109.24c0 19.603-30.647 35.494-68.453 35.494-37.805 0-68.453-15.891-68.453-35.494s30.647-35.494 68.453-35.494c37.805 0 68.453 15.891 68.453 35.494z" id="path4543" style="fill:url(#linearGradient20921)" transform="matrix(.87963 0 0 1 -1190.2 839.18)" />
    </svg:g>
  </svg:g>
  <svg:metadata>
    <rdf:RDF>
      <ns3:Work>
        <dc:format>image/svg+xml</dc:format>
        <dc:type rdf:resource="http://purl.org/dc/dcmitype/StillImage" />
        <ns3:license rdf:resource="http://creativecommons.org/licenses/publicdomain/" />
        <dc:publisher>
          <ns3:Agent rdf:about="http://openclipart.org/">
            <dc:title>Openclipart</dc:title>
          </ns3:Agent>
        </dc:publisher>
        <dc:title>Smiley 11</dc:title>
        <dc:date>2010-08-07T06:55:07</dc:date>
        <dc:description>Smiley 11</dc:description>
        <dc:source>https://openclipart.org/detail/78265/smiley-11-by-inky2010</dc:source>
        <dc:creator>
          <ns3:Agent>
            <dc:title>inky2010</dc:title>
          </ns3:Agent>
        </dc:creator>
        <dc:subject>
          <rdf:Bag>
            <rdf:li>Smiley</rdf:li>
            <rdf:li>gloss</rdf:li>
            <rdf:li>glossy</rdf:li>
            <rdf:li>icon</rdf:li>
            <rdf:li>inky2010</rdf:li>
            <rdf:li>smile</rdf:li>
            <rdf:li>smilies</rdf:li>
          </rdf:Bag>
        </dc:subject>
      </ns3:Work>
      <ns3:License rdf:about="http://creativecommons.org/licenses/publicdomain/">
        <ns3:permits rdf:resource="http://creativecommons.org/ns#Reproduction" />
        <ns3:permits rdf:resource="http://creativecommons.org/ns#Distribution" />
        <ns3:permits rdf:resource="http://creativecommons.org/ns#DerivativeWorks" />
      </ns3:License>
    </rdf:RDF>
  </svg:metadata>
</svg:svg>