<svg:svg xmlns:dc="http://purl.org/dc/elements/1.1/" xmlns:ns1="http://sodipodi.sourceforge.net/DTD/sodipodi-0.dtd" xmlns:ns2="http://www.inkscape.org/namespaces/inkscape" xmlns:ns4="http://creativecommons.org/ns#" xmlns:rdf="http://www.w3.org/1999/02/22-rdf-syntax-ns#" xmlns:svg="http://www.w3.org/2000/svg" height="611.5058238081139" id="svg2" version="1.1" viewBox="-13.219911904056858 143.8381813493238 611.5058238081139 611.5058238081139" width="611.5058238081139" ns1:docname="umbrella.svg" ns1:version="0.32" ns2:output_extension="org.inkscape.output.svg.inkscape" ns2:version="0.47 r22583">
  <svg:title id="title2882">Umbrella</svg:title>
  <svg:defs id="defs4">
    <svg:linearGradient gradientTransform="matrix(.86603 .48318 -0.5 .87574 239.85 -86.98)" gradientUnits="userSpaceOnUse" id="linearGradient5292" x1="264.29" x2="273.57" y1="367.36" y2="380.22" ns2:collect="always">
      <svg:stop id="stop3206" offset="0" style="stop-color:#c8c4b7" />
      <svg:stop id="stop3208" offset="1" style="stop-color:#c8c4b7;stop-opacity:0" />
    </svg:linearGradient>
    <svg:linearGradient gradientTransform="matrix(.86603 .48318 -0.5 .87574 239.85 -86.98)" gradientUnits="userSpaceOnUse" id="linearGradient5294" x1="130.71" x2="126.43" y1="335.22" y2="430.93" ns2:collect="always">
      <svg:stop id="stop3216" offset="0" style="stop-color:#3737c8" />
      <svg:stop id="stop3218" offset="1" style="stop-color:#3737c8;stop-opacity:0" />
    </svg:linearGradient>
    <svg:linearGradient gradientTransform="matrix(.86603 .48318 -0.5 .87574 239.85 -86.98)" gradientUnits="userSpaceOnUse" id="linearGradient5296" x1="182.86" x2="203.4" y1="292.36" y2="390.22" ns2:collect="always">
      <svg:stop id="stop3226" offset="0" style="stop-color:#aa00d4" />
      <svg:stop id="stop3228" offset="1" style="stop-color:#aa00d4;stop-opacity:0" />
    </svg:linearGradient>
    <svg:linearGradient gradientTransform="matrix(.86603 .48318 -0.5 .87574 239.85 -86.98)" gradientUnits="userSpaceOnUse" id="linearGradient5298" x1="212.14" x2="248.57" y1="275.93" y2="343.79" ns2:collect="always">
      <svg:stop id="stop3236" offset="0" style="stop-color:#37abc8" />
      <svg:stop id="stop3238" offset="1" style="stop-color:#37abc8;stop-opacity:0" />
    </svg:linearGradient>
    <svg:linearGradient gradientTransform="matrix(.86603 .48318 -0.5 .87574 239.85 -86.98)" gradientUnits="userSpaceOnUse" id="linearGradient5300" x1="238.57" x2="334.29" y1="253.79" y2="322.36" ns2:collect="always">
      <svg:stop id="stop3246" offset="0" style="stop-color:#5fd35f" />
      <svg:stop id="stop3248" offset="1" style="stop-color:#5fd35f;stop-opacity:0" />
    </svg:linearGradient>
    <svg:linearGradient gradientTransform="matrix(.86603 .48318 -0.5 .87574 239.85 -86.98)" gradientUnits="userSpaceOnUse" id="linearGradient5302" x1="246.43" x2="380.71" y1="241.65" y2="246.65" ns2:collect="always">
      <svg:stop id="stop3256" offset="0" style="stop-color:#d4aa00" />
      <svg:stop id="stop3258" offset="1" style="stop-color:#d4aa00;stop-opacity:0" />
    </svg:linearGradient>
    <svg:linearGradient gradientTransform="matrix(1 -.019428 0 1 0 5.7944)" gradientUnits="userSpaceOnUse" id="linearGradient5304" x1="291.68" x2="284.19" y1="227.07" y2="208.13" ns2:collect="always">
      <svg:stop id="stop3278" offset="0" style="stop-color:#241f1c" />
      <svg:stop id="stop3280" offset="1" style="stop-color:#241f1c;stop-opacity:0" />
    </svg:linearGradient>
    <svg:linearGradient gradientUnits="userSpaceOnUse" id="linearGradient5306" x1="320.89" x2="315" y1="702.72" y2="646.47" ns2:collect="always">
      <svg:stop id="stop5232" offset="0" style="stop-color:#241f1c" />
      <svg:stop id="stop5234" offset="1" style="stop-color:#241f1c;stop-opacity:0" />
    </svg:linearGradient>
    <svg:filter id="filter6321" ns2:collect="always">
      <svg:feGaussianBlur id="feGaussianBlur6323" stdDeviation="5.1868929" ns2:collect="always" />
    </svg:filter>
  </svg:defs>
  <ns1:namedview bordercolor="#666666" borderopacity="1.0" gridtolerance="10000" guidetolerance="10" id="base" objecttolerance="10" pagecolor="#ffffff" showgrid="false" ns2:current-layer="layer1" ns2:cx="-77.85479" ns2:cy="405.44491" ns2:document-units="px" ns2:pageopacity="0.0" ns2:pageshadow="2" ns2:window-height="744" ns2:window-maximized="0" ns2:window-width="1280" ns2:window-x="-4" ns2:window-y="-4" ns2:zoom="0.35" />
  <svg:g id="layer1" ns2:groupmode="layer" ns2:label="Layer 1">
    <svg:g id="g6325" ns2:export-filename="C:\Documents and Settings\Venkat D\Desktop\umbrella 16x16 PNG.png" ns2:export-xdpi="2.825809" ns2:export-ydpi="2.825809">
      <svg:g id="g5240" style="filter:url(#filter6321);fill:#6c5d53">
        <svg:path d="m77.655 404.25c37.095-104.09 127.88-160.47 211.82-179.57 147.36 29.2 200.31 73.59 229.37 135.4-29.86-2.07-54.35-20.14-95.64 11.8-25.92-4.75-47.26-29.53-83.86 12.59-23.06-18.18-50.64-19.84-85.69 5.81-21.56-19-46.78-23.6-80.56 5.37-34.9-15.59-67.43-16.96-95.445 8.6z" id="path3194" style="fill-rule:evenodd;stroke-width:0;fill:#6c5d53" ns1:nodetypes="cccccccc" />
        <svg:path d="m77.655 404.25c37.095-104.09 127.88-160.47 211.82-179.57 147.36 29.2 200.31 73.59 229.37 135.4-29.86-2.07-54.35-20.14-95.64 11.8-25.92-4.75-47.26-29.53-83.86 12.59-23.06-18.18-50.64-19.84-85.69 5.81-21.56-19-46.78-23.6-80.56 5.37-34.9-15.59-67.43-16.96-95.445 8.6z" id="path2201" style="fill-rule:evenodd;stroke-width:0;fill:#6c5d53" ns1:nodetypes="cccccccc" />
        <svg:path d="m87.655 386.74c40.875-83.25 105.02-131.71 185.76-155.35h-0.01c-56.99 35.91-83.98 90.27-102.63 149.76-21.77-8.55-40.34-22.69-83.125 5.59z" id="path2191" style="fill-rule:evenodd;stroke-width:0;fill:#6c5d53" ns1:nodetypes="ccccc" />
        <svg:path d="m173.61 381.91c5-13.45 38.75-122.7 107.51-151.17-23.81 64.56-27.6 71.33-30.93 142.75-21.77-8.54-33.8-19.86-76.58 8.42z" id="path2193" style="fill-rule:evenodd;stroke-width:0;fill:#6c5d53" ns1:nodetypes="cccc" />
        <svg:path d="m424.65 354.12c-5.28-12.01-46.77-115.75-134.02-124.84 28.05 56.2 39.41 72.42 45.85 138.28 22.92-11.42 41.29-32.89 88.17-13.44z" id="path2195" style="fill-rule:evenodd;stroke-width:0;fill:#6c5d53" ns1:nodetypes="cccc" />
        <svg:path d="m513.75 347.9c-0.3-3.43-64.39-103.98-218.51-119.41 4.83 3.97 108.19 60.78 129.32 125.97 28.36-11.62 23.03-25.22 89.19-6.56z" id="path2197" style="fill-rule:evenodd;stroke-width:0;fill:#6c5d53" ns1:nodetypes="cccc" />
        <svg:path d="m288.4 226.56c-19.87 21.19-47.17 109.07-37.59 147.28 29.4-27.51 60.47-25.12 85.43-6.77-7.06-51.11-18.72-105.41-47.84-140.51z" id="path2199" style="fill-rule:evenodd;stroke-width:0;fill:#6c5d53" ns1:nodetypes="cccc" />
        <svg:path d="m87.655 386.74c40.875-83.25 105.02-131.71 185.76-155.35h-0.01c-56.99 35.91-83.98 90.27-102.63 149.76-21.77-8.55-40.34-22.69-83.125 5.59z" id="path3212" style="fill-rule:evenodd;stroke-width:0;fill:#6c5d53" ns1:nodetypes="ccccc" />
        <svg:path d="m173.61 381.91c5-13.45 38.75-122.7 107.51-151.17-23.81 64.56-27.6 71.33-30.93 142.75-21.77-8.54-33.8-19.86-76.58 8.42z" id="path3222" style="fill-rule:evenodd;stroke-width:0;fill:#6c5d53" ns1:nodetypes="cccc" />
        <svg:path d="m288.4 226.56c-19.87 21.19-47.17 109.07-37.59 147.28 29.4-27.51 60.47-25.12 85.43-6.77-7.06-51.11-18.72-105.41-47.84-140.51z" id="path3232" style="fill-rule:evenodd;stroke-width:0;fill:#6c5d53" ns1:nodetypes="cccc" />
        <svg:path d="m424.65 354.12c-5.28-12.01-46.77-115.75-134.02-124.84 28.05 56.2 39.41 72.42 45.85 138.28 22.92-11.42 41.29-32.89 88.17-13.44z" id="path3242" style="fill-rule:evenodd;stroke-width:0;fill:#6c5d53" ns1:nodetypes="cccc" />
        <svg:path d="m513.75 347.9c-0.3-3.43-64.39-103.98-218.51-119.41 4.83 3.97 108.19 60.78 129.32 125.97 28.36-11.62 23.03-25.22 89.19-6.56z" id="path3252" style="fill-rule:evenodd;stroke-width:0;fill:#6c5d53" ns1:nodetypes="cccc" />
        <svg:path d="m284.19 226.1l0.76-13.11 5.57-1.05 3.43 13.62-9.76 0.54z" id="path3262" style="fill-rule:evenodd;stroke-width:0;fill:#6c5d53" ns1:nodetypes="ccccc" />
        <svg:path d="m300 373.79l15.71 275.72v-2.86" id="path3284" style="fill-rule:evenodd;stroke:#675a5a;stroke-linecap:round;stroke-width:8.5;fill:#6c5d53" />
        <svg:path d="m311.61 643.26s-0.86 42.51-0.54 55.53c0.21 8.53 16.95 6.51 15.54-0.71-2.47-12.6-6.97-54.82-6.97-54.82h-8.03z" id="path3288" style="fill-rule:evenodd;stroke-width:0;fill:#6c5d53" ns1:nodetypes="csscc" />
        <svg:path d="m311.61 643.26s-0.86 42.51-0.54 55.53c0.21 8.53 16.95 6.51 15.54-0.71-2.47-12.6-6.97-54.82-6.97-54.82h-8.03z" id="path5228" style="fill-rule:evenodd;stroke-width:0;fill:#6c5d53" ns1:nodetypes="csscc" />
      </svg:g>
      <svg:g id="g5258" transform="translate(-11.429 -17.143)">
        <svg:path d="m77.655 404.25c37.095-104.09 127.88-160.47 211.82-179.57 147.36 29.2 200.31 73.59 229.37 135.4-29.86-2.07-54.35-20.14-95.64 11.8-25.92-4.75-47.26-29.53-83.86 12.59-23.06-18.18-50.64-19.84-85.69 5.81-21.56-19-46.78-23.6-80.56 5.37-34.9-15.59-67.43-16.96-95.445 8.6z" id="path5260" style="fill-rule:evenodd;stroke-width:0;fill:#000000" ns1:nodetypes="cccccccc" />
        <svg:path d="m77.655 404.25c37.095-104.09 127.88-160.47 211.82-179.57 147.36 29.2 200.31 73.59 229.37 135.4-29.86-2.07-54.35-20.14-95.64 11.8-25.92-4.75-47.26-29.53-83.86 12.59-23.06-18.18-50.64-19.84-85.69 5.81-21.56-19-46.78-23.6-80.56 5.37-34.9-15.59-67.43-16.96-95.445 8.6z" id="path5262" style="fill-rule:evenodd;stroke-width:0;fill:url(#linearGradient5292)" ns1:nodetypes="cccccccc" />
        <svg:path d="m87.655 386.74c40.875-83.25 105.02-131.71 185.76-155.35h-0.01c-56.99 35.91-83.98 90.27-102.63 149.76-21.77-8.55-40.34-22.69-83.125 5.59z" id="path5264" style="fill-rule:evenodd;stroke-width:0;fill:#aa00d4" ns1:nodetypes="ccccc" />
        <svg:path d="m173.61 381.91c5-13.45 38.75-122.7 107.51-151.17-23.81 64.56-27.6 71.33-30.93 142.75-21.77-8.54-33.8-19.86-76.58 8.42z" id="path5266" style="fill-rule:evenodd;stroke-width:0;fill:#7137c8" ns1:nodetypes="cccc" />
        <svg:path d="m424.65 354.12c-5.28-12.01-46.77-115.75-134.02-124.84 28.05 56.2 39.41 72.42 45.85 138.28 22.92-11.42 41.29-32.89 88.17-13.44z" id="path5268" style="fill-rule:evenodd;stroke-width:0;fill:#37c871" ns1:nodetypes="cccc" />
        <svg:path d="m513.75 347.9c-0.3-3.43-64.39-103.98-218.51-119.41 4.83 3.97 108.19 60.78 129.32 125.97 28.36-11.62 23.03-25.22 89.19-6.56z" id="path5270" style="fill-rule:evenodd;stroke-width:0;fill:#ffcc00" ns1:nodetypes="cccc" />
        <svg:path d="m288.4 226.56c-19.87 21.19-47.17 109.07-37.59 147.28 29.4-27.51 60.47-25.12 85.43-6.77-7.06-51.11-18.72-105.41-47.84-140.51z" id="path5272" style="fill-rule:evenodd;stroke-width:0;fill:#3737c8" ns1:nodetypes="cccc" />
        <svg:path d="m87.655 386.74c40.875-83.25 105.02-131.71 185.76-155.35h-0.01c-56.99 35.91-83.98 90.27-102.63 149.76-21.77-8.55-40.34-22.69-83.125 5.59z" id="path5274" style="fill-rule:evenodd;stroke-width:0;fill:url(#linearGradient5294)" ns1:nodetypes="ccccc" />
        <svg:path d="m173.61 381.91c5-13.45 38.75-122.7 107.51-151.17-23.81 64.56-27.6 71.33-30.93 142.75-21.77-8.54-33.8-19.86-76.58 8.42z" id="path5276" style="fill-rule:evenodd;stroke-width:0;fill:url(#linearGradient5296)" ns1:nodetypes="cccc" />
        <svg:path d="m288.4 226.56c-19.87 21.19-47.17 109.07-37.59 147.28 29.4-27.51 60.47-25.12 85.43-6.77-7.06-51.11-18.72-105.41-47.84-140.51z" id="path5278" style="fill-rule:evenodd;stroke-width:0;fill:url(#linearGradient5298)" ns1:nodetypes="cccc" />
        <svg:path d="m424.65 354.12c-5.28-12.01-46.77-115.75-134.02-124.84 28.05 56.2 39.41 72.42 45.85 138.28 22.92-11.42 41.29-32.89 88.17-13.44z" id="path5280" style="fill-rule:evenodd;stroke-width:0;fill:url(#linearGradient5300)" ns1:nodetypes="cccc" />
        <svg:path d="m513.75 347.9c-0.3-3.43-64.39-103.98-218.51-119.41 4.83 3.97 108.19 60.78 129.32 125.97 28.36-11.62 23.03-25.22 89.19-6.56z" id="path5282" style="fill-rule:evenodd;stroke-width:0;fill:url(#linearGradient5302)" ns1:nodetypes="cccc" />
        <svg:path d="m284.19 226.1l0.76-13.11 5.57-1.05 3.43 13.62-9.76 0.54z" id="path5284" style="fill-rule:evenodd;stroke-width:0;fill:url(#linearGradient5304)" ns1:nodetypes="ccccc" />
        <svg:path d="m300 373.79l15.71 275.72v-2.86" id="path5286" style="stroke:#675a5a;stroke-linecap:round;stroke-width:8.5;fill:none" />
        <svg:path d="m311.61 643.26s-0.86 42.51-0.54 55.53c0.21 8.53 16.95 6.51 15.54-0.71-2.47-12.6-6.97-54.82-6.97-54.82h-8.03z" id="path5288" style="fill-rule:evenodd;stroke-width:0;fill:#675a5a" ns1:nodetypes="csscc" />
        <svg:path d="m311.61 643.26s-0.86 42.51-0.54 55.53c0.21 8.53 16.95 6.51 15.54-0.71-2.47-12.6-6.97-54.82-6.97-54.82h-8.03z" id="path5290" style="fill-rule:evenodd;stroke-width:0;fill:url(#linearGradient5306)" ns1:nodetypes="csscc" />
      </svg:g>
    </svg:g>
  </svg:g>
  <svg:metadata>
    <rdf:RDF>
      <ns4:Work>
        <dc:format>image/svg+xml</dc:format>
        <dc:type rdf:resource="http://purl.org/dc/dcmitype/StillImage" />
        <ns4:license rdf:resource="http://creativecommons.org/licenses/publicdomain/" />
        <dc:publisher>
          <ns4:Agent rdf:about="http://openclipart.org/">
            <dc:title>Openclipart</dc:title>
          </ns4:Agent>
        </dc:publisher>
        <dc:title>umbrella</dc:title>
        <dc:date>2010-04-02T19:58:10</dc:date>
        <dc:description>umbrella</dc:description>
        <dc:source>https://openclipart.org/detail/36133/umbrella-by-netalloy</dc:source>
        <dc:creator>
          <ns4:Agent>
            <dc:title>netalloy</dc:title>
          </ns4:Agent>
        </dc:creator>
        <dc:subject>
          <rdf:Bag>
            <rdf:li>umbrella</rdf:li>
          </rdf:Bag>
        </dc:subject>
      </ns4:Work>
      <ns4:License rdf:about="http://creativecommons.org/licenses/publicdomain/">
        <ns4:permits rdf:resource="http://creativecommons.org/ns#Reproduction" />
        <ns4:permits rdf:resource="http://creativecommons.org/ns#Distribution" />
        <ns4:permits rdf:resource="http://creativecommons.org/ns#DerivativeWorks" />
      </ns4:License>
    </rdf:RDF>
  </svg:metadata>
</svg:svg>